[.###.#] (0,1,2,3,4) (0,3,4) (0,1,2,4,5) (1,2) {10,11,11,5,10,5}

0: ABC = 10
1: ACD = 11
2: ACD = 11
3: AB  = 5
4: BC  = 10
5: C   = 5

5 A B
3 C
4 D

AB = 10 AB = 5 : C = 5 (given anyway)
BC = 10 : B = 5
AB = 10 : A = 5
ACD = 11 : D = 1

[0 0 0 0 1 1] 3
[0 1 0 0 0 1] 5
[0 0 1 1 1 0] 4
[1 1 0 1 0 0] 7

sort:

[0 0 0 0 1 1] 3
[0 0 1 1 1 0] 4
[0 1 0 0 0 1] 5
[1 1 0 1 0 0] 7

smallest is 3

try 3, 0
[0 0 0 0 1 1] 3
[0 0 1 1 1 0] 4
[0 1 0 0 0 1] 5
[1 1 0 1 0 0] 7
 x 5 2 2 3 0

try 2, 1
[0 0 0 0 1 1] 3
[0 0 1 1 1 0] 4
[0 1 0 0 0 1] 5
[1 1 0 1 0 0] 7
 x 4 x x 2 1

try 1, 2
[0 0 0 0 1 1] 3
[0 0 1 1 1 0] 4
[0 1 0 0 0 1] 5
[1 1 0 1 0 0] 7
 x 3 x x 1 2
       4
