1 [33, 65, 16, 88, 54, 52] [4, 15, 0, 16, 33, 0, 19, 17] 104

differences:
[ 16 33 52 54 65 88 ]

    17 36 38 49 72
       19 21 32 55
           2 13 36
             11 34
                23



(0,1,2,3,5,7,9) (0,1,2,3,4,5,6,7) (3,5,8,9) (3,4,5,6,7,8,9) (0,2,3,4,5,7,8,9) (0,3,9) (1,5,6,7,9) (0,2,4,9) (0,2,3,5,6,7,9) (2,3,5,6,8,9) (0,1,7) (2,4,8,9) {83,47,99,85,57,97,59,79,50,108}

1 1 0 1 1 1 0 1 0 1 0   83
1 1 0 1 0 0 1 0 0 1 0   47
1 1 0 1 1 0 0 1 1 0 1   99
1 1 1 1 1 1 0 0 1 0 0   85
0 1 0 1 1 1 0 1 0 0 1   57
1 1 1 1 1 1 1 0 1 0 0   97
0 1 0 1 0 0 1 0 1 0 0   59
1 1 0 1 1 1 1 0 0 1 0   79
0 0 1 1 1 1 0 0 1 0 1   50
1 0 1 1 1 1 1 1 1 0 1  108
