0 [41, 56, 34, 37, 46, 22, 41, 67, 71] [0, 4, 15, 14, 4, 19, 19] 75
1 [33, 65, 16, 88, 54, 52] [4, 15, 0, 16, 33, 0, 19, 17] 104
2 [212, 250, 36, 8, 36, 231, 239, 23, 17] [199, 11, 8, 13, 2, 15, 2] 250
3 [2, 16, 21, 21, 7] [5, 1, 6, 1, 0, 14] 27
4 [58, 25, 73, 46, 65, 21, 44] [22, 6, 17, 12, 19, 0, 3, 18, 6] 103
5 [32, 18, 14, 19, 49, 49] [19, 12, 18, 2, 0] 51
6 [83, 47, 99, 85, 57, 97, 59, 79, 50, 108] [13, 13, 0, 0, 25, 5, 17, 16, 7, 22, 4, 3] 125
7 [14, 14, 13, 33, 20, 34, 22] [20, 12, 20, 2, 1] 55
8 [120, 24, 40, 123, 19, 50, 37, 149, 47, 33] [104, 0, 19, 2, 13, 5, 19, 1, 0, 8, 16] 187
9 [25, 29, 19, 17, 25, 37] [11, 18, 19, 6] 54
10 [38, 27, 22, 33, 41, 18, 26, 31, 43, 33] [3, 10, 6, 13, 12, 5, 17, 8] 74
11 [140, 176, 13, 168, 16, 49, 35, 20, 34, 161] [15, 0, 6, 140, 1, 0, 13, 13, 8] 196
12 [31, 50, 169, 29, 212, 50, 188, 55, 50] [10, 1, 5, 163, 19, 15, 16] 229
13 [29, 31, 38, 23] [18, 11, 15, 5] 49
14 [29, 57, 46, 58, 38] [17, 9, 20, 20, 18] 84
15 [129, 63, 63, 180, 180, 138, 73, 53, 45] [15, 6, 110, 5, 17, 6, 19, 27] 205
16 [42, 11, 39, 34, 46, 71, 60, 39, 50, 75] [20, 5, 5, 1, 17, 11, 11, 12, 6, 4] 92
17 [49, 48, 36, 51, 81, 33, 71] [9, 7, 10, 19, 14, 20, 9] 88
18 [28, 25, 29, 35, 44, 39, 62, 58, 34, 30] [3, 5, 9, 1, 10, 6, 1, 12, 10, 0, 4, 8, 9] 78
19 [133, 116, 19, 136, 28, 39, 31, 109, 132] [20, 105, 4, 16, 4, 7, 4] 160
20 [33, 33, 17, 39, 4, 26] [16, 4, 0, 17, 13, 6] 56
21 [3, 3, 9, 12, 15] [3, 3, 9] 15
22 [182, 188, 156, 173, 43, 157, 30, 34, 184, 196] [6, 4, 10, 12, 8, 148, 3, 18, 1, 8] 218
23 [131, 132, 128, 7, 22, 147, 141, 161] [14, 16, 115, 7, 3, 6] 161
24 [237, 25, 29, 219, 235, 219, 220, 38, 230] [8, 185, 0, 1, 20, 19, 9, 5, 15, 3, 5] 270
25 [143, 20, 155, 28, 28] [20, 135, 8] 163
26 [71, 43, 38, 61, 71, 79, 45, 57] [8, 24, 26, 27, 12, 3, 0, 11, 7] 118
27 [10, 42, 41, 19] [10, 12, 19, 0, 0, 1] 42
28 [8, 18, 8, 18] [18, 0, 0, 0, 8] 26
29 [6, 13, 33, 39, 32, 20, 40, 41, 12] [10, 2, 19, 1, 10, 3, 10, 8, 7] 70
30 [2, 12, 34, 20, 0] [12, 0, 20, 2] 34
31 [28, 14, 20, 12, 26, 48] [14, 12, 8, 14] 48
32 [25, 58, 33, 40, 58, 46] [0, 7, 13, 33, 5, 12] 70
33 [49, 25, 43, 77, 26, 68, 54, 83] [15, 15, 11, 14, 19, 11, 14, 14] 113
34 [19, 12, 29, 9, 20] [3, 2, 7, 17] 29
35 [36, 26, 43, 17, 19] [19, 7, 17] 43
36 [2, 45, 31, 31, 45, 2, 32] [2, 16, 14, 15, 0] 47
37 [22, 13, 21, 42, 34, 42, 34, 34, 22, 46] [6, 0, 3, 12, 0, 13, 15, 11] 60
38 [65, 54, 65, 70, 43, 60, 67, 37, 67, 55] [4, 0, 0, 11, 15, 15, 4, 22, 22, 2, 5, 8, 4] 112
39 [9, 19, 8, 43, 44, 22, 8] [1, 17, 7, 2, 17, 2] 46
40 [30, 38, 31, 76, 31, 81, 51, 41] [20, 22, 6, 11, 0, 0, 8, 10, 10, 0] 87
41 [151, 37, 22, 147, 132] [3, 19, 132, 15] 169
42 [69, 103, 34, 84, 81, 86, 82, 62, 66, 59] [25, 17, 8, 10, 12, 1, 18, 15, 4, 11, 8] 129
43 [54, 45, 10, 55, 44, 42, 25, 39, 29] [2, 16, 5, 18, 8, 2, 8, 16, 0] 75
44 [52, 40, 81, 47, 76, 34] [41, 6, 6, 12, 36, 28, 0, 0] 129
45 [74, 56, 26, 62, 35, 43, 69, 40, 57] [18, 1, 13, 17, 8, 8, 11, 16, 7, 0] 99
46 [70, 73, 52, 43, 54, 110, 60, 98, 53, 50] [1, 0, 1, 25, 13, 25, 18, 0, 10, 32, 6, 12, 11] 154
47 [57, 76, 76, 134, 169, 48, 175, 148, 31] [103, 12, 23, 5, 7, 1, 9, 19, 14, 0, 20] 213
48 [36, 38, 30, 35, 49, 31, 52, 46, 68] [9, 11, 11, 16, 1, 19, 9, 3, 13] 92
49 [178, 16, 36, 178, 178, 31, 152, 171] [14, 17, 147, 5, 2, 0] 185
50 [17, 24, 18, 2] [17, 18, 5, 2] 42
51 [44, 61, 26, 25, 21, 41, 40, 20, 44, 25] [6, 3, 17, 1, 1, 20, 4, 17, 0] 69
52 [239, 220, 51, 33, 31, 227, 20] [3, 176, 0, 7, 18, 21, 12, 5] 242
53 [35, 24, 71, 35, 52, 32, 51, 68, 56] [19, 16, 17, 11, 8, 2, 0, 1, 3, 5] 82
54 [48, 24, 12, 29] [5, 19, 0, 17, 12] 53
55 [16, 43, 35, 41, 34, 29, 49] [2, 8, 6, 0, 18, 14, 15] 63
56 [44, 43, 30, 62, 40, 56] [20, 4, 26, 17, 1, 14, 0, 0] 82
57 [41, 205, 35, 28, 47, 196, 213, 216] [4, 15, 3, 185, 1, 15, 6, 8] 237
58 [170, 9, 155, 17] [3, 2, 14, 6, 150] 175
59 [63, 52, 89, 69, 64, 39, 109, 78, 70, 64] [0, 18, 27, 12, 8, 1, 4, 15, 10, 17, 13, 12, 8] 145
60 [35, 5, 10, 5, 12, 27, 24, 14] [5, 2, 9, 17, 14, 3, 2] 52
61 [175, 57, 40, 173, 38, 41, 49] [10, 9, 11, 16, 18, 0, 157, 11] 232
62 [40, 73, 51, 55, 31, 51, 40] [13, 18, 11, 11, 20, 9, 11] 93
63 [14, 19, 19, 17, 29, 11, 21] [12, 0, 2, 19, 17, 9] 59
64 [23, 5, 34, 31, 25] [14, 9, 5, 11, 12] 51
65 [20, 20, 4, 21] [18, 2, 19, 2, 0, 0] 41
66 [46, 3, 58, 33, 52, 74, 49] [27, 0, 3, 25, 3, 0, 19] 77
67 [24, 16, 18, 55, 55, 52, 42, 12, 48, 39] [18, 11, 4, 6, 16, 6, 7, 1] 69
68 [52, 12, 40, 32, 52, 40, 52] [0, 12, 0, 20, 0, 20, 20] 72
69 [81, 99, 56, 59, 45, 41, 94] [20, 20, 5, 18, 18, 18] 99
70 [31, 21, 10, 38, 33, 52, 49, 60, 34, 49] [8, 11, 4, 12, 9, 8, 17, 2, 0, 8] 79
71 [83, 55, 99, 88, 90, 94, 62, 60, 54, 86] [13, 9, 8, 1, 23, 19, 0, 0, 10, 14, 20, 10] 127
72 [75, 69, 40, 25, 38, 21, 75, 56, 77, 6] [15, 17, 0, 18, 19, 3, 3, 5, 23] 103
73 [58, 59, 31, 24, 32, 31] [2, 29, 0, 0, 1, 22, 7] 61
74 [16, 24, 138, 125, 125] [10, 4, 14, 0, 111, 1, 12] 152
75 [38, 38, 47, 24, 41, 37, 50, 55] [3, 0, 3, 24, 22, 13, 9, 19] 93
76 [37, 33, 16, 11] [9, 7, 17, 11] 44
77 [29, 8, 24, 14, 5, 27] [14, 16, 5, 8] 43
78 [19, 10, 19, 29] [19, 10] 29
79 [45, 83, 81, 31, 58, 96, 38, 59, 57, 66] [16, 16, 14, 9, 3, 0, 19, 5, 20, 1, 2, 16] 121
80 [30, 15, 22, 28, 40, 6, 46] [13, 18, 3, 6, 6] 46
81 [36, 44, 8, 31, 39] [0, 23, 5, 8, 20, 0, 11] 67
82 [53, 44, 44, 53, 63, 49, 37, 71] [0, 16, 2, 17, 8, 10, 14, 28] 95
83 [17, 33, 13, 66, 20, 53, 69, 49, 54, 24] [16, 7, 20, 4, 0, 0, 13, 9, 4, 9] 82
84 [19, 16, 7, 134, 115, 19] [115, 0, 3, 16, 7] 141
85 [13, 189, 4, 208, 0] [0, 4, 19, 185, 0, 13] 221
86 [12, 27, 23, 17, 19, 10] [17, 17, 11, 10, 2] 57
87 [22, 42, 42, 32, 30, 21, 55, 27] [8, 22, 7, 17, 5, 10, 0, 12, 3] 84
88 [214, 54, 224, 215, 238, 36, 240, 244, 230, 31] [13, 6, 4, 9, 16, 15, 18, 1, 8, 8, 169] 267
89 [32, 93, 66, 72, 65, 91, 100, 86, 61, 94] [14, 5, 9, 1, 28, 0, 16, 13, 14, 4, 3, 7] 114
90 [34, 18, 34, 52, 36, 30] [4, 14, 0, 20, 12, 16] 66
91 [89, 57, 40, 176, 52, 160, 40, 53, 52, 211] [13, 18, 3, 17, 17, 18, 0, 140, 19, 1] 246
92 [69, 65, 68, 30, 51] [30, 8, 35, 4, 0, 0, 21] 98
93 [21, 18, 28, 27, 38, 6, 21, 22] [5, 6, 11, 6, 0, 2, 10, 5] 45
94 [30, 14, 16, 14] [16, 14] 30
95 [17, 178, 185, 178, 192, 9, 188] [8, 3, 7, 6, 175] 199
96 [66, 26, 23, 27, 63, 38, 44, 42] [13, 19, 8, 13, 2, 19, 10] 84
97 [48, 44, 30, 55, 8, 33, 47, 60, 9] [6, 10, 6, 15, 4, 3, 15, 14, 8, 0] 81
98 [217, 6, 71, 209, 52, 196, 180, 207, 191] [18, 10, 2, 4, 146, 11, 16, 20] 227
99 [6, 182, 182, 17] [171, 6, 11] 188
100 [15, 37, 40, 22, 42, 64] [7, 18, 9, 15, 0, 0, 15] 64
101 [42, 43, 59, 17, 61, 59, 55, 79, 72] [12, 11, 14, 16, 6, 13, 20] 92
102 [19, 4, 14, 23, 13] [4, 9, 10] 23
103 [26, 11, 42, 57, 49, 17] [20, 5, 0, 1, 17, 20, 6] 69
104 [21, 25, 34, 6, 17, 27] [8, 11, 6, 9, 4] 38
105 [18, 38, 48, 34, 22] [18, 10, 12, 16, 4] 60
106 [53, 49, 46, 56, 82, 71, 55, 65, 98] [17, 21, 9, 13, 3, 1, 19, 4, 17, 11] 115
107 [14, 30, 44, 44, 45, 40, 47, 55, 50] [14, 5, 1, 11, 20, 8, 15] 74
108 [20, 38, 58, 20] [20, 18, 20] 58
109 [42, 72, 71, 47, 20, 19, 76, 60, 35] [20, 12, 2, 6, 4, 12, 8, 15, 17, 0, 4] 100
110 [22, 22, 6, 38] [19, 3, 16, 3] 41
111 [43, 51, 48, 19, 43, 52, 56] [10, 23, 5, 14, 1, 18, 0, 9, 0] 80
112 [13, 23, 26, 18] [0, 13, 13, 5, 18, 0] 49
113 [23, 51, 40, 36, 24, 23, 196] [14, 17, 14, 6, 0, 18, 5, 150] 224
114 [31, 10, 29, 10, 13, 31, 40] [8, 1, 20, 10, 2] 41
115 [19, 34, 30, 4, 36, 61, 19, 34] [1, 12, 4, 18, 8, 18] 61
116 [35, 42, 31, 24, 21] [7, 14, 13, 4, 11] 49
117 [28, 30, 42, 21] [21, 0, 9, 12, 0, 16] 58
118 [35, 34, 37, 2] [34, 0, 1, 2] 37
119 [34, 34, 35, 31, 40, 32, 38, 36] [2, 12, 0, 1, 15, 12, 13, 8, 5] 68
120 [21, 13, 1, 20] [13, 20, 1] 34
121 [33, 14, 33, 14] [14, 19] 33
122 [56, 44, 38, 54, 26, 46, 47, 20, 17, 49] [17, 12, 9, 13, 7, 6, 2, 14, 6] 86
123 [19, 19, 23, 36] [17, 4, 0, 0, 19, 19] 59
124 [60, 23, 51, 56, 16, 92, 71] [2, 9, 23, 0, 4, 19, 7, 17, 22] 103
125 [13, 20, 20, 7] [13, 7] 20
126 [44, 40, 28, 66, 59, 43, 55] [2, 11, 9, 6, 19, 8, 15, 15] 85
127 [13, 46, 27, 45, 48, 26, 53, 26] [0, 10, 0, 0, 20, 4, 13, 2, 19, 14] 82
128 [23, 67, 56, 46, 46, 48, 42, 53, 53, 31] [22, 13, 2, 8, 3, 21, 23, 12, 2, 7, 1] 114
129 [42, 61, 6, 28, 23, 57, 51, 57, 52, 79] [14, 18, 5, 20, 8, 6, 0, 14] 85
130 [40, 39, 16, 16, 24] [16, 16, 7, 17] 56
131 [40, 31, 22, 35, 33, 30, 34, 27, 50] [16, 9, 13, 5, 4, 7, 4, 1, 5, 0, 9] 73
132 [57, 23, 39, 32, 61, 42, 57, 52, 16] [1, 3, 12, 14, 15, 8, 5, 12] 70
133 [10, 2, 23, 34, 18] [2, 0, 8, 11, 15, 18] 54
134 [181, 22, 4, 175, 18, 28, 26, 22] [16, 4, 8, 161, 4, 10] 203
135 [24, 184, 197, 205, 25, 203] [11, 19, 10, 3, 173, 3] 219
136 [61, 64, 65, 85, 60, 47] [1, 14, 21, 0, 0, 18, 32, 28] 114
137 [29, 14, 15, 14, 173, 178] [0, 14, 3, 161, 12] 190
138 [32, 11, 11, 55, 71, 20, 51, 32] [4, 0, 13, 20, 8, 19, 3, 8] 75
139 [244, 232, 232, 46, 22, 234, 234, 47] [7, 19, 195, 2, 3, 0, 18, 16, 10] 270
140 [36, 51, 49, 33, 43, 55, 60, 42, 37, 48] [12, 6, 8, 19, 1, 5, 16, 18, 10] 95
141 [32, 81, 60, 54, 40, 37, 63, 59, 71, 14] [19, 1, 1, 1, 10, 10, 20, 14, 17, 2, 16] 111
142 [63, 40, 64, 49, 60, 63, 95, 49] [4, 0, 3, 1, 16, 12, 25, 0, 15, 20] 96
143 [3, 1, 5, 5] [1, 2, 3] 6
144 [46, 73, 94, 42, 62, 56, 71, 63, 61, 59] [6, 0, 12, 22, 10, 1, 0, 12, 2, 4, 18, 19, 17] 123
145 [136, 154, 20, 55, 54, 2, 118, 21] [16, 0, 1, 2, 116, 20, 17, 1] 173
146 [77, 72, 54, 266, 65, 54, 60, 70, 65, 238] [9, 12, 0, 23, 5, 16, 164, 4, 17, 12, 20] 282
147 [30, 66, 66, 48, 43, 45, 60, 32] [5, 24, 21, 18, 3, 6, 0, 0, 18, 1] 96
148 [61, 34, 12, 16, 44, 30] [12, 20, 14, 0, 1, 2, 15] 64
149 [23, 33, 66, 20, 47, 41, 20] [9, 20, 1, 1, 11, 12, 9, 24, 2] 89
150 [13, 175, 30, 193, 28, 15] [0, 175, 12, 2, 3, 0, 13, 0] 205
151 [30, 30, 16, 14] [16, 14] 30
152 [55, 47, 57, 52, 57, 14, 38, 47, 61] [0, 0, 33, 10, 2, 9, 7, 3, 0] 64
153 [134, 154, 117, 124, 40, 136, 134] [20, 17, 15, 7, 112, 5] 176
154 [56, 38, 73, 32, 34, 30, 18, 39] [2, 20, 18, 17, 16, 8, 10] 91
155 [50, 30, 22, 25, 42, 26, 36, 22, 25] [9, 20, 8, 8, 13, 5, 0, 0] 63
156 [18, 47, 31, 27, 19] [4, 19, 0, 0, 18, 8, 2] 51
157 [137, 7, 130, 17] [17, 7, 113] 137
158 [35, 69, 47, 56, 61, 29, 51, 17, 46] [0, 6, 13, 16, 13, 18, 11, 5, 16] 98
159 [68, 80, 51, 33, 56] [1, 0, 0, 31, 13, 20, 35] 100
160 [23, 23, 17, 35, 40, 35] [0, 18, 17, 5] 40
161 [43, 66, 58, 31, 60, 33, 18, 51] [0, 7, 15, 15, 12, 6, 18] 73
162 [54, 53, 22, 32, 10, 41, 41, 51, 18, 53] [17, 5, 13, 5, 7, 17, 17, 14] 95
163 [19, 18, 5, 3] [5, 0, 4, 3, 11] 23
164 [8, 26, 39, 32, 41] [1, 0, 14, 17, 16, 8] 56
165 [32, 101, 110, 147, 60, 80, 102, 86, 98, 76] [19, 15, 27, 12, 6, 19, 1, 3, 38, 13, 12, 1] 166
16713
